{
  "url": "https://api.github.com/repos/Consensys/teku/issues/7776",
  "repository_url": "https://api.github.com/repos/Consensys/teku",
  "labels_url": "https://api.github.com/repos/Consensys/teku/issues/7776/labels{/name}",
  "comments_url": "https://api.github.com/repos/Consensys/teku/issues/7776/comments",
  "events_url": "https://api.github.com/repos/Consensys/teku/issues/7776/events",
  "html_url": "https://github.com/Consensys/teku/issues/7776",
  "id": 2022443252,
  "node_id": "I_kwDOCM9I9M54jAj0",
  "number": 7776,
  "title": "\"activity leak\" messages flooding the log",
  "user": {
    "login": "mcdee",
    "id": 511384,
    "node_id": "MDQ6VXNlcjUxMTM4NA==",
    "avatar_url": "https://avatars.githubusercontent.com/u/511384?v=4",
    "gravatar_id": "",
    "url": "https://api.github.com/users/mcdee",
    "html_url": "https://github.com/mcdee",
    "followers_url": "https://api.github.com/users/mcdee/followers",
    "following_url": "https://api.github.com/users/mcdee/following{/other_user}",
    "gists_url": "https://api.github.com/users/mcdee/gists{/gist_id}",
    "starred_url": "https://api.github.com/users/mcdee/starred{/owner}{/repo}",
    "subscriptions_url": "https://api.github.com/users/mcdee/subscriptions",
    "organizations_url": "https://api.github.com/users/mcdee/orgs",
    "repos_url": "https://api.github.com/users/mcdee/repos",
    "events_url": "https://api.github.com/users/mcdee/events{/privacy}",
    "received_events_url": "https://api.github.com/users/mcdee/received_events",
    "type": "User",
    "site_admin": false
  },
  "labels": [

  ],
  "state": "open",
  "locked": false,
  "assignee": null,
  "assignees": [

  ],
  "milestone": null,
  "comments": 0,
  "created_at": "2023-12-03T09:41:58Z",
  "updated_at": "2023-12-03T09:41:58Z",
  "closed_at": null,
  "author_association": "CONTRIBUTOR",
  "active_lock_reason": null,
  "body": "### Description\r\nSeeing repeated \"Beacon chain is in activity leak\" messages in the logs on an abandoned devnet.\r\n\r\nSample logs for a single recent second:\r\n\r\n```\r\n2023-12-03 09:39:48.015 INFO  - Beacon chain is in activity leak\r\n2023-12-03 09:39:48.045 INFO  - Beacon chain is in activity leak\r\n2023-12-03 09:39:48.075 INFO  - Beacon chain is in activity leak\r\n2023-12-03 09:39:48.106 INFO  - Beacon chain is in activity leak\r\n2023-12-03 09:39:48.135 INFO  - Beacon chain is in activity leak\r\n2023-12-03 09:39:48.165 INFO  - Beacon chain is in activity leak\r\n2023-12-03 09:39:48.195 INFO  - Beacon chain is in activity leak\r\n2023-12-03 09:39:48.225 INFO  - Beacon chain is in activity leak\r\n2023-12-03 09:39:48.255 INFO  - Beacon chain is in activity leak\r\n2023-12-03 09:39:48.285 INFO  - Beacon chain is in activity leak\r\n2023-12-03 09:39:48.315 INFO  - Beacon chain is in activity leak\r\n2023-12-03 09:39:48.345 INFO  - Beacon chain is in activity leak\r\n2023-12-03 09:39:48.375 INFO  - Beacon chain is in activity leak\r\n2023-12-03 09:39:48.405 INFO  - Beacon chain is in activity leak\r\n2023-12-03 09:39:48.435 INFO  - Beacon chain is in activity leak\r\n2023-12-03 09:39:48.465 INFO  - Beacon chain is in activity leak\r\n2023-12-03 09:39:48.495 INFO  - Beacon chain is in activity leak\r\n2023-12-03 09:39:48.525 INFO  - Beacon chain is in activity leak\r\n2023-12-03 09:39:48.556 INFO  - Beacon chain is in activity leak\r\n2023-12-03 09:39:48.586 INFO  - Beacon chain is in activity leak\r\n2023-12-03 09:39:48.615 INFO  - Beacon chain is in activity leak\r\n2023-12-03 09:39:48.645 INFO  - Beacon chain is in activity leak\r\n2023-12-03 09:39:48.675 INFO  - Beacon chain is in activity leak\r\n2023-12-03 09:39:48.706 INFO  - Beacon chain is in activity leak\r\n2023-12-03 09:39:48.736 INFO  - Beacon chain is in activity leak\r\n2023-12-03 09:39:48.767 INFO  - Beacon chain is in activity leak\r\n2023-12-03 09:39:48.797 INFO  - Beacon chain is in activity leak\r\n2023-12-03 09:39:48.827 INFO  - Beacon chain is in activity leak\r\n2023-12-03 09:39:48.857 INFO  - Beacon chain is in activity leak\r\n2023-12-03 09:39:48.888 INFO  - Beacon chain is in activity leak\r\n2023-12-03 09:39:48.918 INFO  - Beacon chain is in activity leak\r\n2023-12-03 09:39:48.948 INFO  - Beacon chain is in activity leak\r\n2023-12-03 09:39:48.979 INFO  - Beacon chain is in activity leak\r\n```\r\n\r\n### Steps to Reproduce (Bug)\r\nGoing back to an old devnet, there are many \"activity leak\" messages showing up.\r\n\r\n**Expected behavior:** [What you expect to happen]\r\n\r\nLogging this once per epoch seems reasonable.\r\n\r\n(It's also \"inactivity leak\", not \"activity leak.)\r\n\r\n**Actual behavior:** [What actually happens]\r\n\r\nLogged 69,100 times in the last hour.\r\n\r\n**Frequency:** [How regularly does it occur?]\r\n\r\nOnly seeing this on the one chain.\r\n\r\n### Versions (Add all that apply)\r\n\r\nteku/v23.10.0+4-g2842a8552c/linux-x86_64/-privatebuild-openjdk64bitservervm-java-17",
  "closed_by": null,
  "reactions": {
    "url": "https://api.github.com/repos/Consensys/teku/issues/7776/reactions",
    "total_count": 0,
    "+1": 0,
    "-1": 0,
    "laugh": 0,
    "hooray": 0,
    "confused": 0,
    "heart": 0,
    "rocket": 0,
    "eyes": 0
  },
  "timeline_url": "https://api.github.com/repos/Consensys/teku/issues/7776/timeline",
  "performed_via_github_app": null,
  "state_reason": null
}
[

]
